Duration:  1668.099601507187
Modularity:  0.36337408488549083
