Duration:  4.488994359970093
Modularity:  0.3025694444444444
