Duration:  145.5236599445343
Modularity:  0.3381063589249182



