Duration:  5.069242238998413
Modularity:  0.3424607896160087
