Duration:  4.171351194381714
Modularity:  0.23848888888888897
